x;y;0;
6.912;10.209;0;
9.600;14.817;0;
11.136;3.297;-1;
7.296;2.529;-1;
14.592;1.536;-1;
3.456;6.369;-1;
14.208;3.840;0;
9.216;9.216;0;
3.456;3.072;0;
5.376;10.752;-1;
8.448;8.448;0;
6.144;8.448;-1;
8.832;6.369;-1;
14.976;7.905;-1;
5.760;14.592;-1;
14.208;4.608;-1;
8.448;13.056;0;
14.976;13.056;-1;
9.984;14.049;-1;
12.672;3.840;0;
9.600;9.984;-1;
5.376;6.144;0;
8.832;10.977;0;
14.976;12.288;0;
15.360;6.912;0;
7.680;15.360;-1;
7.296;11.745;0;
2.304;3.840;-1;
13.440;0.000;-1;
0.384;14.592;-1;
4.992;0.000;-1;
1.920;1.761;-1;
