x;y;0;
6.912;7.680;-1;
2.688;14.817;-1;
7.680;13.056;0;
14.208;9.216;-1;
6.528;9.984;0;
9.984;13.281;0;
14.592;10.977;-1;
11.136;10.977;0;
9.216;4.833;0;
11.520;14.592;-1;
2.688;10.209;-1;
8.064;10.977;0;
10.752;5.376;-1;
8.448;13.824;-1;
1.152;7.905;-1;
8.832;9.216;0;
2.688;6.144;-1;
3.072;11.520;0;
6.144;4.833;-1;
7.296;10.977;0;
10.752;9.216;-1;
6.528;11.520;-1;
8.832;1.536;-1;
9.984;14.817;0;
4.608;15.360;-1;
8.832;12.288;0;
3.072;14.049;0;
8.448;2.529;0;
1.152;11.745;-1;
13.440;2.304;-1;
2.304;0.993;-1;
3.456;3.072;-1;
