x;y;0;
14.976;7.137;-1;
6.912;11.745;-1;
4.224;13.824;-1;
6.912;13.281;0;
12.288;8.673;0;
14.208;6.369;0;
11.520;10.977;-1;
11.136;8.448;-1;
14.976;8.448;0;
13.440;14.817;0;
14.208;15.360;-1;
2.304;10.977;0;
15.360;9.216;0;
4.224;2.529;-1;
0.384;7.905;-1;
10.368;2.529;0;
2.304;9.441;0;
1.152;10.752;-1;
6.912;10.752;0;
0.768;11.745;0;
15.360;10.752;-1;
10.368;8.448;0;
14.976;4.065;-1;
3.072;6.369;-1;
5.760;2.304;-1;
8.448;3.072;-1;
5.760;15.360;-1;
8.448;6.144;-1;
10.368;0.225;-1;
13.056;1.761;-1;
0.384;13.824;-1;
1.920;1.761;-1;
