x;y;0;
6.144;9.216;0;
1.920;11.520;0;
10.368;7.905;0;
13.056;6.912;0;
5.760;4.065;-1;
13.440;13.056;-1;
9.984;13.281;0;
11.520;10.977;-1;
8.832;14.592;-1;
7.296;7.905;-1;
5.760;5.601;0;
3.072;13.056;0;
3.840;8.673;0;
11.520;7.905;0;
2.304;7.137;-1;
6.912;13.056;-1;
2.688;9.984;-1;
13.440;11.520;0;
14.592;3.840;-1;
15.360;6.369;-1;
11.136;0.993;-1;
4.224;3.840;0;
12.672;8.448;-1;
3.072;14.817;-1;
11.520;5.376;-1;
13.440;4.608;0;
1.920;13.056;-1;
14.976;1.536;-1;
13.440;14.817;-1;
9.600;0.000;-1;
3.072;1.761;-1;
0.384;3.840;-1;
