x;y;0;
2.304;0.768;-1;
1.536;9.984;-1;
13.056;6.912;-1;
5.376;7.137;-1;
12.672;0.000;-1;
0.000;6.369;-1;
10.752;4.833;0;
6.912;0.000;-1;
9.600;2.304;0;
0.768;8.448;0;
4.224;14.049;-1;
11.904;2.304;-1;
11.520;7.680;-1;
8.448;3.297;0;
11.520;13.056;-1;
4.608;12.513;0;
10.368;13.824;0;
1.536;0.993;0;
8.448;15.360;-1;
6.912;10.752;-1;
12.672;4.833;0;
1.920;6.912;-1;
0.384;1.536;-1;
9.984;4.608;-1;
11.904;4.065;0;
1.152;2.304;0;
9.216;0.993;-1;
4.608;3.840;-1;
10.752;2.304;0;
7.296;13.824;-1;
0.768;13.281;-1;
13.824;14.592;-1;
