x;y;0;
10.752;0.768;-1;
10.752;9.984;0;
9.984;11.520;0;
5.760;4.065;0;
8.064;3.072;-1;
4.224;11.745;0;
9.600;9.216;-1;
12.288;14.817;-1;
2.304;5.601;-1;
0.384;10.752;-1;
13.824;3.840;-1;
6.528;8.448;-1;
3.840;3.840;-1;
12.288;1.761;0;
10.368;5.601;-1;
13.056;0.768;-1;
1.536;9.216;-1;
0.384;9.984;0;
12.288;8.448;-1;
12.288;13.056;0;
3.456;12.513;-1;
0.384;0.000;-1;
1.536;0.000;0;
8.832;5.601;0;
13.824;5.376;0;
1.152;2.304;-1;
9.984;12.513;-1;
10.752;3.072;0;
0.000;14.592;-1;
14.976;8.673;-1;
5.376;0.000;-1;
14.592;13.056;-1;
