x;y;0;
12.288;10.209;0;
13.824;6.144;-1;
1.152;5.376;0;
6.912;9.216;0;
11.520;10.977;-1;
9.600;9.216;-1;
13.056;1.536;0;
6.528;2.529;-1;
4.224;1.536;-1;
0.384;6.369;0;
14.208;7.680;-1;
5.760;9.984;-1;
1.536;7.905;-1;
14.592;3.297;-1;
2.688;5.601;0;
11.520;1.536;0;
3.456;4.833;-1;
11.520;3.297;-1;
0.000;4.608;-1;
1.536;3.072;-1;
1.152;4.608;0;
14.208;1.761;0;
2.688;9.441;0;
0.768;10.209;-1;
12.288;0.993;-1;
13.824;6.912;0;
1.152;9.216;0;
6.144;8.673;0;
3.840;13.824;-1;
8.064;0.225;-1;
14.208;12.288;-1;
12.288;15.360;-1;
