x;y;0;
0.384;9.216;-1;
13.824;8.448;0;
1.920;4.833;-1;
11.520;10.209;0;
3.840;4.833;0;
2.688;0.000;-1;
3.456;8.673;-1;
0.768;7.680;0;
6.912;2.529;0;
11.520;7.680;-1;
8.448;4.608;-1;
4.224;0.993;-1;
10.368;8.673;0;
7.296;10.977;0;
2.304;9.441;0;
0.768;2.529;0;
13.440;9.441;0;
9.984;10.977;-1;
15.360;8.673;-1;
5.376;4.608;-1;
13.824;5.376;-1;
15.360;6.912;-1;
6.144;12.513;-1;
7.296;7.680;-1;
0.000;2.529;-1;
9.600;14.817;-1;
12.288;13.281;-1;
6.912;0.225;-1;
0.384;12.513;-1;
2.688;13.824;-1;
11.904;0.225;-1;
5.760;15.360;-1;
