x;y;0;
13.824;10.209;0;
9.984;5.376;0;
11.136;5.601;0;
1.152;6.144;0;
6.912;6.144;-1;
5.376;14.817;0;
2.688;12.288;0;
0.000;5.601;-1;
4.224;14.592;-1;
3.840;5.601;0;
14.208;12.288;0;
2.688;4.833;-1;
12.288;4.065;0;
0.768;3.297;-1;
8.832;7.905;-1;
1.536;11.745;-1;
12.672;9.216;-1;
6.912;13.056;-1;
13.440;11.520;0;
1.536;3.072;0;
5.760;13.056;0;
14.976;11.745;-1;
12.288;5.601;-1;
10.368;3.840;-1;
14.976;3.840;-1;
4.992;4.608;-1;
11.904;0.993;-1;
1.152;0.993;-1;
1.152;15.360;-1;
14.592;1.536;-1;
13.056;14.592;-1;
9.216;15.360;-1;
