x;y;0;
9.984;13.056;-1;
5.376;1.761;-1;
12.288;4.833;-1;
11.520;10.209;0;
10.752;7.905;0;
12.288;7.137;0;
6.528;7.680;0;
6.912;1.761;0;
9.216;9.216;-1;
14.976;7.680;-1;
8.448;4.833;0;
13.824;14.049;0;
2.688;7.680;-1;
13.440;7.680;0;
13.056;11.520;-1;
8.448;6.369;-1;
7.296;9.216;0;
10.368;7.137;0;
13.056;14.817;-1;
13.440;9.441;-1;
10.752;11.520;0;
4.608;4.833;-1;
9.984;2.529;-1;
10.368;9.984;0;
5.760;9.441;-1;
1.152;9.984;-1;
0.384;4.833;-1;
4.992;14.817;-1;
9.216;0.225;-1;
14.592;0.225;-1;
0.000;11.745;-1;
1.920;0.225;-1;
