x;y;0;
11.520;11.745;0;
6.912;10.209;0;
8.832;13.281;0;
9.216;12.513;0;
6.912;14.592;0;
13.440;5.376;0;
11.136;8.448;-1;
14.976;5.601;-1;
7.296;4.833;0;
13.440;10.209;0;
4.992;15.360;-1;
8.064;4.608;-1;
11.520;3.840;-1;
9.984;3.297;0;
11.520;0.000;-1;
3.456;9.216;-1;
14.592;8.448;0;
14.976;13.281;-1;
5.760;0.993;-1;
7.680;9.441;-1;
11.520;1.761;-1;
7.296;1.761;-1;
5.376;4.833;-1;
11.136;14.592;-1;
8.832;3.840;0;
5.376;12.513;-1;
9.216;15.360;-1;
13.056;11.745;-1;
15.360;8.673;-1;
2.688;11.745;-1;
5.760;15.360;0;
0.768;11.520;-1;
