x;y;0;
14.976;7.137;-1;
13.440;7.905;0;
12.672;5.601;-1;
3.456;14.049;0;
14.208;6.369;0;
1.536;1.536;-1;
0.768;0.993;0;
14.976;1.536;-1;
4.224;11.745;0;
1.920;14.049;-1;
7.680;2.529;-1;
11.136;13.056;0;
3.072;0.993;0;
5.376;5.601;-1;
12.288;12.288;0;
9.984;3.840;-1;
13.824;0.993;0;
8.832;8.448;-1;
0.768;0.000;-1;
4.224;10.209;-1;
10.368;8.673;0;
7.296;10.977;-1;
3.840;14.817;-1;
11.520;9.984;-1;
11.136;7.680;0;
12.288;13.824;-1;
10.368;14.049;-1;
4.608;0.225;-1;
0.384;4.833;-1;
11.904;0.000;-1;
2.688;6.912;-1;
0.000;13.824;-1;
