x;y;0;
11.520;2.529;0;
4.608;13.824;-1;
8.832;4.065;0;
0.384;7.680;-1;
8.448;10.752;-1;
10.752;4.608;-1;
5.376;9.441;0;
6.912;6.144;-1;
1.920;6.144;-1;
0.384;9.441;0;
4.224;9.984;-1;
12.288;9.216;0;
9.984;12.288;0;
6.144;8.448;0;
11.136;9.441;0;
10.368;3.297;0;
14.592;8.448;-1;
7.296;9.984;0;
14.208;5.601;-1;
2.304;9.441;0;
10.752;0.993;-1;
2.688;11.520;0;
9.600;7.905;-1;
1.152;10.977;-1;
9.600;13.824;-1;
2.688;14.049;-1;
11.520;5.376;0;
11.904;10.977;-1;
5.376;0.768;-1;
11.520;15.360;-1;
14.592;2.304;-1;
7.296;0.225;-1;
