x;y;0;
13.824;15.360;-1;
6.528;10.209;-1;
10.368;4.608;0;
12.672;2.304;-1;
9.984;1.536;-1;
8.064;4.833;0;
12.672;13.056;0;
11.136;6.912;-1;
3.072;6.912;-1;
9.216;13.824;-1;
6.528;15.360;-1;
11.904;3.840;0;
11.136;9.441;-1;
14.208;14.592;0;
15.360;3.840;-1;
6.912;13.056;0;
2.304;6.912;0;
5.376;3.297;-1;
15.360;5.376;-1;
12.672;4.833;0;
11.904;8.673;0;
13.440;13.281;-1;
9.984;9.984;0;
6.912;14.049;0;
8.064;4.065;-1;
7.296;7.680;-1;
8.448;2.529;0;
3.840;0.768;-1;
0.000;4.065;-1;
0.000;6.144;-1;
2.304;15.360;-1;
3.072;13.281;-1;
