x;y;0;
1.920;3.072;0;
14.592;0.000;0;
13.440;6.369;-1;
2.688;8.448;-1;
4.608;7.137;0;
13.440;13.056;0;
10.752;7.905;0;
1.152;6.144;-1;
6.528;2.304;-1;
14.976;8.673;-1;
10.752;10.209;-1;
1.920;6.369;0;
8.448;6.912;0;
4.992;5.376;-1;
6.912;13.056;-1;
13.056;14.049;-1;
8.448;8.673;0;
7.296;9.216;-1;
8.448;13.056;-1;
4.224;10.209;0;
0.384;3.297;-1;
13.824;2.304;-1;
6.528;10.977;0;
11.904;13.056;0;
4.608;1.536;-1;
15.360;0.225;-1;
9.216;5.376;-1;
13.440;0.225;-1;
14.208;9.984;-1;
9.216;1.536;-1;
1.920;11.745;-1;
1.920;14.817;-1;
