x;y;0;
11.520;0.225;-1;
3.456;15.360;-1;
11.520;4.065;-1;
6.912;7.137;0;
6.528;0.768;-1;
12.672;3.297;0;
5.376;13.824;-1;
1.920;10.977;0;
11.136;9.216;-1;
11.136;3.297;0;
1.536;9.441;-1;
10.368;0.993;0;
9.600;2.304;-1;
3.072;12.288;0;
3.840;7.905;0;
4.992;7.905;0;
3.840;12.288;0;
2.304;12.288;-1;
9.216;9.216;0;
8.832;13.056;-1;
1.536;7.905;-1;
13.440;3.072;-1;
7.296;3.840;-1;
4.224;10.209;0;
7.680;6.912;0;
6.912;9.441;-1;
5.760;6.144;-1;
15.360;15.360;-1;
14.592;6.912;-1;
11.904;15.360;-1;
4.224;0.000;-1;
0.000;2.529;-1;
