x;y;0;
14.976;7.137;-1;
6.528;7.905;-1;
13.824;7.905;0;
9.600;14.049;-1;
4.992;10.209;-1;
9.984;13.281;0;
8.064;4.833;-1;
14.976;8.673;-1;
6.528;11.745;0;
7.680;7.137;0;
14.592;11.520;0;
4.992;1.761;0;
10.752;3.840;-1;
11.520;7.680;0;
4.608;0.993;-1;
4.608;5.376;-1;
15.360;12.288;-1;
11.136;10.209;-1;
8.064;12.288;-1;
8.064;8.673;0;
13.440;12.288;0;
11.904;6.369;-1;
9.984;8.448;0;
5.760;6.912;0;
10.368;6.912;0;
13.824;14.817;-1;
1.920;10.977;-1;
0.384;14.592;-1;
4.608;14.592;-1;
1.536;3.297;-1;
0.384;1.761;-1;
9.984;0.225;-1;
