x;y;0;
7.680;9.984;0;
8.064;2.529;-1;
4.608;9.984;-1;
12.672;14.592;0;
5.760;13.824;0;
13.056;0.000;-1;
3.840;15.360;-1;
3.456;14.592;0;
8.832;11.745;0;
14.592;1.536;-1;
13.056;2.529;0;
9.216;1.536;0;
7.680;11.520;-1;
12.672;15.360;-1;
7.296;10.752;0;
11.136;2.529;0;
1.152;3.840;-1;
4.224;13.056;-1;
9.984;3.840;0;
6.144;15.360;-1;
13.824;2.304;0;
13.056;3.297;-1;
8.448;0.000;-1;
2.688;3.072;-1;
9.216;6.144;-1;
10.368;10.752;-1;
5.376;6.912;-1;
2.688;0.000;-1;
13.440;6.912;-1;
0.768;15.360;-1;
0.000;9.216;-1;
0.768;1.536;-1;
