x;y;0;
6.912;13.824;0;
9.984;15.360;-1;
9.216;7.137;-1;
4.224;0.768;-1;
8.064;7.137;0;
5.760;7.137;0;
2.304;3.297;-1;
13.824;10.752;-1;
9.984;13.824;0;
2.688;12.513;0;
13.824;0.768;0;
5.760;13.281;0;
1.536;14.049;-1;
7.296;15.360;-1;
4.224;7.680;-1;
13.056;0.768;-1;
8.064;9.441;-1;
5.760;10.209;-1;
13.440;11.520;0;
4.992;13.281;0;
4.608;14.049;-1;
3.840;4.065;0;
5.760;2.304;-1;
13.824;0.000;-1;
9.600;14.592;0;
12.288;14.049;-1;
2.304;0.768;-1;
14.976;6.369;-1;
1.152;6.144;-1;
15.360;13.824;-1;
0.000;11.520;-1;
14.976;3.072;-1;
