x;y;0;
2.688;13.281;-1;
3.840;13.824;0;
5.760;7.905;-1;
13.824;6.144;0;
1.920;3.840;0;
13.824;1.536;-1;
8.064;3.840;0;
1.536;4.833;-1;
4.992;14.817;-1;
7.680;11.520;-1;
11.136;8.448;-1;
14.592;6.369;-1;
11.136;11.745;0;
10.752;12.513;0;
14.208;4.833;-1;
6.912;13.056;-1;
5.376;2.529;0;
6.144;13.824;0;
11.520;3.297;-1;
13.824;9.216;-1;
8.064;12.288;0;
6.912;5.601;-1;
11.520;6.912;0;
0.768;11.745;0;
7.296;3.297;-1;
11.520;9.984;0;
4.608;1.761;-1;
0.000;11.520;-1;
11.904;12.513;-1;
15.360;15.360;-1;
13.440;0.225;-1;
4.608;0.000;-1;
