x;y;0;
11.136;12.513;-1;
14.208;6.144;-1;
13.824;9.984;0;
13.824;1.761;-1;
14.592;13.281;-1;
1.152;15.360;-1;
12.288;14.817;-1;
14.592;6.912;0;
14.592;9.216;0;
4.608;4.065;-1;
7.680;7.137;-1;
11.520;14.049;0;
4.608;12.288;0;
11.904;12.288;0;
15.360;9.984;-1;
4.992;5.376;0;
14.592;2.304;0;
3.840;13.056;-1;
13.440;12.288;0;
1.920;14.817;0;
12.288;7.680;-1;
13.824;13.824;0;
12.288;5.601;0;
5.760;8.673;-1;
7.296;13.824;-1;
3.456;2.304;-1;
0.000;0.225;-1;
15.360;0.768;-1;
1.152;12.513;-1;
2.688;7.905;-1;
9.600;1.536;-1;
0.768;1.536;-1;
