x;y;0;
7.296;10.209;0;
6.912;3.072;-1;
13.824;4.833;-1;
8.832;15.360;-1;
12.288;3.297;-1;
6.144;7.137;0;
8.064;10.977;-1;
8.448;7.905;-1;
1.536;8.448;-1;
11.520;14.049;-1;
9.600;8.448;0;
6.912;2.304;0;
4.992;9.441;-1;
9.600;4.833;0;
13.440;14.049;0;
9.600;11.520;0;
15.360;11.520;-1;
6.144;14.817;-1;
11.904;9.984;-1;
13.056;11.745;0;
6.912;9.441;0;
13.440;15.360;-1;
9.984;2.529;-1;
9.216;13.056;0;
10.752;15.360;0;
7.296;7.680;0;
4.608;3.072;-1;
1.920;3.072;-1;
6.144;0.225;-1;
3.840;15.360;-1;
14.592;3.297;-1;
1.152;10.209;-1;
