x;y;0;
13.824;7.137;-1;
14.976;4.608;-1;
6.528;13.824;0;
4.608;6.912;0;
3.456;5.376;-1;
13.056;6.144;0;
14.208;3.840;0;
5.760;5.601;0;
11.136;11.745;0;
15.360;5.601;0;
9.984;3.840;0;
15.360;9.984;-1;
4.608;5.376;0;
9.984;3.072;-1;
10.368;13.281;-1;
14.592;9.441;0;
11.520;3.840;0;
3.456;12.288;-1;
10.752;10.752;-1;
6.144;13.056;-1;
6.912;12.288;0;
11.520;9.216;0;
11.904;5.601;-1;
8.832;10.977;0;
4.224;3.297;-1;
6.144;7.680;-1;
7.680;15.360;-1;
13.824;14.592;-1;
0.384;7.905;-1;
9.600;0.768;-1;
0.384;1.536;-1;
0.768;13.824;-1;
