x;y;0;
3.456;2.304;0;
13.440;7.905;-1;
4.608;5.601;0;
2.688;8.448;0;
2.304;0.993;-1;
6.144;6.144;0;
2.688;1.761;0;
8.448;7.137;-1;
3.840;7.137;-1;
0.384;7.680;-1;
6.144;7.137;0;
5.376;3.072;0;
11.136;8.448;-1;
7.680;10.977;-1;
6.528;15.360;-1;
4.224;13.056;-1;
6.528;14.592;0;
1.536;5.376;-1;
4.224;10.977;0;
3.072;11.520;0;
4.608;14.049;0;
1.152;10.752;-1;
0.384;1.536;-1;
4.608;1.761;-1;
11.904;8.448;0;
5.760;4.833;-1;
11.136;12.513;-1;
0.000;14.592;-1;
13.824;4.065;-1;
9.984;3.297;-1;
14.976;12.288;-1;
9.600;15.360;-1;
