x;y;0;
2.304;9.984;-1;
14.592;13.824;0;
14.208;0.225;-1;
4.224;4.065;0;
13.824;1.536;0;
9.216;13.824;-1;
4.608;8.673;-1;
2.304;9.216;0;
4.224;9.984;0;
11.520;14.049;-1;
4.992;4.065;-1;
13.440;7.680;0;
13.440;3.840;0;
10.368;7.680;0;
8.064;1.761;0;
14.592;2.304;-1;
15.360;14.049;-1;
13.824;2.529;0;
12.672;11.520;-1;
14.208;8.673;-1;
9.600;2.529;-1;
9.984;4.608;0;
3.456;6.144;-1;
12.288;6.144;-1;
9.600;6.912;-1;
14.592;4.065;-1;
11.520;5.376;0;
7.296;11.745;-1;
7.296;0.000;-1;
3.456;13.281;-1;
1.536;0.000;-1;
7.680;15.360;-1;
