x;y;0;
0.768;13.281;0;
3.072;9.984;0;
9.216;7.680;-1;
13.440;4.065;-1;
0.000;10.977;-1;
13.056;7.905;-1;
11.904;3.297;-1;
12.288;9.984;0;
13.824;8.673;0;
3.456;8.673;-1;
5.760;14.049;0;
13.440;10.209;0;
8.064;4.608;-1;
5.760;11.520;0;
8.448;6.912;0;
8.832;8.448;0;
4.992;10.977;0;
3.072;4.608;-1;
14.592;11.745;-1;
15.360;8.448;-1;
9.216;10.752;-1;
3.456;12.513;0;
4.224;14.817;-1;
13.440;13.281;-1;
2.304;4.065;0;
1.152;2.304;-1;
4.992;12.513;-1;
10.752;5.601;0;
0.000;14.049;-1;
11.904;15.360;-1;
9.216;1.761;-1;
0.000;1.761;-1;
