x;y;0;
5.760;6.369;0;
14.976;0.000;-1;
9.600;1.761;-1;
14.592;0.768;0;
1.920;10.977;0;
5.376;11.520;0;
3.072;7.905;-1;
8.448;11.745;-1;
6.912;8.448;0;
9.984;9.216;-1;
10.752;13.281;0;
12.288;13.281;-1;
6.144;9.441;0;
0.768;3.297;0;
7.680;7.680;0;
13.824;12.513;0;
4.224;10.977;-1;
0.000;4.608;-1;
7.680;6.912;-1;
0.384;10.977;-1;
1.536;6.369;-1;
15.360;12.513;-1;
2.304;3.840;-1;
6.912;15.360;-1;
11.136;0.225;-1;
8.064;0.225;-1;
15.360;15.360;-1;
5.376;0.000;-1;
14.976;9.441;-1;
12.672;7.137;-1;
4.224;14.817;-1;
1.920;0.225;-1;
