x;y;0;
12.288;10.209;-1;
3.456;4.608;-1;
10.752;14.049;-1;
6.912;10.209;0;
7.296;14.817;-1;
14.208;4.065;-1;
7.680;11.745;-1;
2.688;0.000;-1;
13.056;1.536;-1;
6.528;1.761;-1;
12.672;0.768;0;
4.992;5.376;0;
8.064;9.216;-1;
4.992;10.752;-1;
10.368;7.680;0;
11.520;2.304;0;
11.136;0.000;-1;
1.920;0.768;0;
1.152;2.304;-1;
8.448;13.281;0;
10.752;6.144;-1;
6.144;3.840;-1;
3.072;1.536;0;
2.304;13.281;0;
3.840;0.000;0;
0.384;12.288;-1;
1.920;14.592;-1;
14.208;9.216;-1;
15.360;0.000;-1;
1.536;8.448;-1;
13.440;14.592;-1;
15.360;6.369;-1;
