x;y;0;
3.456;9.441;0;
0.000;10.752;-1;
1.152;2.529;-1;
13.440;6.144;0;
12.672;2.304;0;
1.920;3.840;-1;
5.376;9.441;-1;
5.376;3.072;-1;
14.208;3.840;0;
14.592;6.369;0;
2.304;3.072;0;
9.984;3.072;-1;
13.440;9.216;-1;
0.000;9.216;-1;
4.992;10.752;0;
1.536;11.745;0;
11.136;12.288;0;
4.224;0.993;-1;
9.600;4.833;-1;
10.752;10.752;-1;
13.056;3.072;-1;
5.376;11.745;-1;
12.288;7.680;0;
3.840;4.065;0;
14.592;5.376;-1;
1.920;13.056;-1;
0.384;15.360;-1;
14.976;11.520;-1;
11.904;15.360;-1;
13.824;14.592;-1;
8.832;14.817;-1;
11.520;0.000;-1;
