x;y;0;
12.672;5.601;0;
11.520;2.529;0;
6.912;4.608;0;
9.600;7.680;-1;
9.216;12.288;-1;
0.000;6.369;-1;
14.976;10.752;-1;
1.152;6.369;0;
1.920;6.144;0;
14.976;4.833;-1;
11.136;4.065;-1;
11.520;6.144;0;
12.288;9.216;0;
4.224;13.056;0;
10.368;0.768;-1;
12.288;10.977;0;
10.368;3.297;0;
12.672;7.905;-1;
5.376;14.049;0;
9.216;1.761;0;
1.920;13.824;-1;
13.056;6.369;0;
5.760;6.912;-1;
6.528;3.840;-1;
13.056;11.745;-1;
2.304;7.680;-1;
2.688;14.592;-1;
4.992;12.513;-1;
13.440;0.000;-1;
7.296;15.360;-1;
1.920;1.761;-1;
4.608;0.000;-1;
