x;y;0;
7.296;10.209;0;
6.528;13.281;0;
5.760;0.225;-1;
9.216;11.745;-1;
7.680;13.824;-1;
3.072;6.912;0;
5.760;1.761;0;
11.520;14.592;-1;
7.680;1.536;-1;
11.136;8.673;0;
15.360;9.984;-1;
2.688;7.680;-1;
8.448;8.448;0;
11.904;9.441;0;
11.136;9.441;0;
12.288;6.369;0;
6.912;7.905;0;
9.600;3.840;-1;
13.440;11.520;-1;
8.832;7.680;0;
15.360;6.369;-1;
6.912;8.673;-1;
5.376;6.144;-1;
7.680;7.905;0;
5.760;6.912;0;
7.680;12.288;0;
12.672;8.448;-1;
9.600;6.144;-1;
11.904;10.977;0;
4.224;13.281;-1;
14.976;0.000;-1;
14.592;3.072;-1;
