x;y;0;
11.136;0.768;0;
5.760;3.297;-1;
6.528;5.601;0;
13.440;2.304;-1;
6.912;8.448;0;
9.984;5.376;-1;
2.304;15.360;-1;
3.072;14.592;0;
12.672;0.225;0;
8.064;10.752;-1;
2.688;4.833;0;
9.216;2.304;-1;
11.904;12.288;0;
3.840;10.752;-1;
10.368;13.281;-1;
13.056;11.520;0;
4.992;13.281;-1;
7.680;6.912;-1;
2.688;3.840;-1;
4.224;12.513;0;
6.144;14.817;-1;
10.752;0.000;-1;
14.208;0.000;-1;
6.144;12.513;0;
11.520;3.072;0;
11.904;10.209;-1;
7.296;14.049;0;
0.768;9.984;-1;
15.360;3.840;-1;
0.000;7.137;-1;
14.976;12.288;-1;
13.824;14.817;-1;
